4926
4927
4928
4931
4936
4942
4943
4944
4946
4947
4948
4949
4950
4951
4958
4959
4961
4973
4983
4996
5003
5005
5007
5009
5010
5012
5013
5017
5022
5040
5042
5049
5050
5051
5052
5053
5059
5063
5091
5092
5093
5099
5111
5115
5120
5122
5123
5124
5125
5126
5127
5128
5141
5155
5169
5171
5172
5173
5174
5175
5187
5189
5190
5197
5202
5211
5212
5213
5214
5215
5216
5217
5218
5219
5237
5240
5241
5247
5257
5258
5261
5263
5266
5268
5282
5292
5295
5296
5311
5316
5318
5319
5320
5321
5322
5334
5335
5340
5341
5342
5381
5382
5383
5384
5385
5386
5387
5411
5421
5423
5425
5426
5427
5438
5439
5441
5447
5451
5454
5467
5468
5469
5476
5484
5488
5500
5513
5514
5516
5517
5520
5521
5522
5523
5538
5541
5545
5549
5550
5552
5564
5571
5575
5584
5587
5588
5591
5600
5601
5603
5604
5613
5616
5621
5626
5627
5628
5629
5639
5663
5664
5668
5700
5701
5702
5705
5706
5713
5714
5724
5725
5726
5732
5734
5735
5736
5737
5740
5741
5749
5756
5775
5785
5789
5794
5795
5801
5805
5806
5807
5810
5811
5812
5817
5831
5832
5835
5836
5837
5857
5858
5859
5865
5868
5871
5872
5878
5883
5889
5891
5892
5893
5894
5900
5906
5911
5918
5922
5923
5926
5927
5932
5933
5934
5935
5941
5945
5952
5953
5960
5965
5972
5980
5982
5995
5996
5997
5998
5999
6000
6002
6004
6006
6009
6023
6025
6026
6027
6028
6031
6034
6050
6051
6052
6055
6056
6061
6065
6086
6087
6089
6091
6096
6100
6101
6107
6112
6113
6114
6118
6119
6120
6121
6122
6136
6139
6148
6150
6151
6152
6153
6160
6165
6174
6208
6209
6212
6213
6223
6224
6237
6238
6239
6245
6266
6268
6269
6270
6281
6286
6292
6293
6294
6295
6296
6305
6315
6321
6323
6326
6327
6328
6329
6349
6352
6353
6356
6365
6366
6367
6372
6379
6380
6381
6386
6389
6390
6393
6405
6406
6407
6408
6409
6414
6424
6427
6428
6433
6436
6439
6446
6448
6449
6452
6455
6466
6474
6475
6476
6482
6490
6497
6499
6500
6501
6508
6515
6517
6519
6520
6523
6524
6526
6527
6531
6537
6544
6567
6572
6579
6580
6582
6587
6593
6594
6595
6603
6606
6608
6609
6610
6611
6612
6613
6634
6645
6654
6655
6658
6659
6668
6679
6684
6685
6686
6692
6693
6694
6703
6710
6711
6712
6718
6719
6722
6723
6724
6725
6726
6728
6733
6743
6749
6755
6767
6770
6776
6781
6783
6809
6818
6835
6836
6849
6852
6854
6864
6865
6866
6867
6868
6885
6888
6889
6890
6894
6902
6903
6904
6905
6914
6915
6923
6933
6934
6935
6946
6947
6949
6950
6951
6952
6960
6964
6965
6967
6969
6977
6981
6982
6992
6994
6997
6998
6999
7000
7001
7002
7016
7017
7019
7027
7028
7035
7036
7038
7040
7041
7042
7058
7059
7060
7061
7079
7080
7081
7082
7083
7088
7095
7100
7101
7102
7104
7106
7107
7110
7111
7118
7131
7132
7133
7134
7135
7136
7154
7157
7158
7159
7160
7166
7177
7182
7186
7187
7188
7189
7190
7198
7210
7215
7216
7217
7218
7219
7220
7231
7232
7236
7237
7240
7244
7251
7255
7257
7268
7270
7279
7289
7290
7293
7301
7302
7313
7314
7315
7319
7329
7343
7359
7365
7366
7367
7368
7369
7378
7380
7384
7388
7392
7398
7400
7415
7426
7427
7429
7430
7432
7433
7434
7447
7466
7472
7473
7483
7487
7499
7501
7513
7527
7528
7538
7541
7549
7553
7554
7558
7562
7564
7566
7571
7578
7579
7580
7583
7585
7586
7588
7589
7590
7594
7595
7598
7600
7609
7612
7613
7614
7616
7632
7640
7646
7650
7656
7663
7664
7666
7672
7679
7680
7681
7683
7687
7697
7709
7710
7712
7733
7734
7741
7743
7748
7749
7750
7751
7761
7762
7763
7767
7769
7770
7772
7783
7785
7786
7790
7792
7793
7796
7801
7809
7810
7811
7815
7817
7821
7822
7823
7826
7827
7833
7835
7840
7841
7842
7845
7848
7855
7862
7863
7864
7866
7867
7871
7872
7874
7880
7881
7891
7892
7898
7900
7908
7918
7919
7926
7931
7932
7934
7936
7937
7940
7941
7946
7952
7953
7954
7956
7958
7959
7972
7986
7987
7988
7992
8005
8007
8015
8017
8020
8022
8024
8032
8035
8037
8038
8041
8043
8051
8055
8058
8059
8067
8077
8079
8080
8089
8091
8096
8101
8102
8103
8113
8119
8124
8125
8133
8139
8140
8141
8142
8146
8147
8150
8152
8153
8159
8162
8170
8173
8175
8187
8195
8198
8203
8204
8206
8208
8209
8226
8227
8228
8229
8230
8231
8233
8234
8235
8241
8242
8246
8250
8268
8271
8272
8273
8275
