N           -0.405254882075    -3.766117800632    -2.557725428891
C           -2.803453395562    -2.905589435430    -2.557950306300
N           -3.584909950496    -0.509635916580    -2.558262111111
C           -1.623572653514     1.102483771870    -2.558269670015
C            0.949181751908     0.488118690674    -2.557976762466
C            1.547537073368    -2.117131445201    -2.557704641904
N            2.443339066428     2.636998077525    -2.558058020689
C            0.814128694899     4.508140636265    -2.558384943309
N           -1.671832479306     3.704574285663    -2.558530452221
H           -4.246971719098    -4.378356939936    -2.557920070682
N            3.927015959856    -3.005045721413    -2.557432521342
H            5.365445250937    -1.754530796248    -2.557355042571
H            4.266168887044    -4.911679226515    -2.557065914474
H            1.297036867903     6.501690204782    -2.558538011125
H           -3.241180106632     4.792181590730    -2.558795013878
